[gd_scene load_steps=30 format=3 uid="uid://ccqotb40et5lm"]

[ext_resource type="Script" uid="uid://dv3nhcq1u578h" path="res://camera_3d.gd" id="1_c6gwx"]
[ext_resource type="PackedScene" uid="uid://dp6ul1e8ukij6" path="res://main_menu.tscn" id="2_2dftf"]
[ext_resource type="PackedScene" uid="uid://cmiui54ghyveo" path="res://TestCard1.tscn" id="4_eu7l1"]
[ext_resource type="Texture2D" uid="uid://2rljrhkjti3f" path="res://icon.svg" id="4_js7pq"]
[ext_resource type="PackedScene" uid="uid://dyih4ksaglyev" path="res://TestCard2.tscn" id="5_p1v5b"]
[ext_resource type="PackedScene" uid="uid://cak8bfnb8228f" path="res://BlockPokerChip.blend" id="6_p1v5b"]
[ext_resource type="PackedScene" uid="uid://cm1xoyukbvrdc" path="res://BlockTable.glb" id="7_wygdx"]
[ext_resource type="PackedScene" uid="uid://x0pm3fi3681e" path="res://block_black.tscn" id="8_fv4w7"]
[ext_resource type="PackedScene" uid="uid://d3gnchdg5kj7k" path="res://block_red.tscn" id="9_fvag4"]
[ext_resource type="PackedScene" uid="uid://bd6aym1roq65h" path="res://BlockGraveOne.blend" id="11_b2ar6"]
[ext_resource type="PackedScene" uid="uid://bq2e06svoq7dm" path="res://BlockGraveThree.blend" id="12_ee7l0"]
[ext_resource type="PackedScene" uid="uid://bpplje7g2yl4y" path="res://BlockBall.blend" id="13_ee7l0"]
[ext_resource type="PackedScene" uid="uid://ptnpkhwriyne" path="res://BlockGraveTwo.blend" id="13_gn8l5"]
[ext_resource type="PackedScene" uid="uid://b2b82dsm26abx" path="res://Scenes/block_roulette_wheel.tscn" id="14_ee7l0"]

[sub_resource type="Gradient" id="Gradient_cmany"]
offsets = PackedFloat32Array(0.2, 1)
colors = PackedColorArray(1, 1, 1, 1, 0, 0, 0, 1)

[sub_resource type="FastNoiseLite" id="FastNoiseLite_c6gwx"]
noise_type = 2
frequency = 0.03
cellular_jitter = 3.0
cellular_return_type = 0
domain_warp_enabled = true
domain_warp_type = 1
domain_warp_amplitude = 50.0
domain_warp_fractal_type = 2
domain_warp_fractal_lacunarity = 1.5
domain_warp_fractal_gain = 1.0

[sub_resource type="NoiseTexture2D" id="NoiseTexture2D_2dftf"]
seamless = true
color_ramp = SubResource("Gradient_cmany")
noise = SubResource("FastNoiseLite_c6gwx")

[sub_resource type="Terrain3DMaterial" id="Terrain3DMaterial_bcbcq"]
_shader_parameters = {
&"bias_distance": 512.0,
&"blend_sharpness": 0.87,
&"depth_blur": 0.0,
&"enable_macro_variation": true,
&"enable_projection": true,
&"height_blending": true,
&"macro_variation1": Color(1, 1, 1, 1),
&"macro_variation2": Color(1, 1, 1, 1),
&"macro_variation_slope": 0.333,
&"mipmap_bias": 1.0,
&"noise1_angle": 0.0,
&"noise1_offset": Vector2(0.5, 0.5),
&"noise1_scale": 0.04,
&"noise2_scale": 0.076,
&"noise3_scale": 0.225,
&"noise_texture": SubResource("NoiseTexture2D_2dftf"),
&"projection_angular_division": 2.0,
&"projection_threshold": 0.8,
&"world_space_normal_blend": true
}
show_checkered = true

[sub_resource type="StandardMaterial3D" id="StandardMaterial3D_js7pq"]
transparency = 4
cull_mode = 2
vertex_color_use_as_albedo = true
backlight_enabled = true
backlight = Color(0.5, 0.5, 0.5, 1)
distance_fade_mode = 1
distance_fade_min_distance = 128.0
distance_fade_max_distance = 96.0

[sub_resource type="Terrain3DMeshAsset" id="Terrain3DMeshAsset_eu7l1"]
generated_type = 1
height_offset = 0.5
material_override = SubResource("StandardMaterial3D_js7pq")
last_lod = 0
last_shadow_lod = 0
lod0_range = 128.0

[sub_resource type="Terrain3DAssets" id="Terrain3DAssets_p1v5b"]
mesh_list = Array[Terrain3DMeshAsset]([SubResource("Terrain3DMeshAsset_eu7l1")])

[sub_resource type="Animation" id="Animation_b2ar6"]
resource_name = "Camera movement"
tracks/0/type = "bezier"
tracks/0/imported = false
tracks/0/enabled = true
tracks/0/path = NodePath(".:position:x")
tracks/0/interp = 1
tracks/0/loop_wrap = true
tracks/0/keys = {
"handle_modes": PackedInt32Array(0, 0),
"points": PackedFloat32Array(0, -0.25, 0, 0.25, 0, 8.00692, -0.25, 0, 0.25, 0),
"times": PackedFloat32Array(0, 1)
}
tracks/1/type = "bezier"
tracks/1/imported = false
tracks/1/enabled = true
tracks/1/path = NodePath(".:position:y")
tracks/1/interp = 1
tracks/1/loop_wrap = true
tracks/1/keys = {
"handle_modes": PackedInt32Array(0, 0),
"points": PackedFloat32Array(6.98103, -0.25, 0, 0.25, 0, 3.80717, -0.25, 0, 0.25, 0),
"times": PackedFloat32Array(0, 1)
}
tracks/2/type = "bezier"
tracks/2/imported = false
tracks/2/enabled = true
tracks/2/path = NodePath(".:position:z")
tracks/2/interp = 1
tracks/2/loop_wrap = true
tracks/2/keys = {
"handle_modes": PackedInt32Array(0, 0),
"points": PackedFloat32Array(13.596, -0.25, 0, 0.25, 0, 7.16378, -0.25, 0, 0.25, 0),
"times": PackedFloat32Array(0, 1)
}
tracks/3/type = "bezier"
tracks/3/imported = false
tracks/3/enabled = true
tracks/3/path = NodePath(".:rotation:x")
tracks/3/interp = 1
tracks/3/loop_wrap = true
tracks/3/keys = {
"handle_modes": PackedInt32Array(0, 0),
"points": PackedFloat32Array(-0.523599, -0.25, 0, 0.25, 0, -0.523599, -0.25, 0, 0.25, 0),
"times": PackedFloat32Array(0, 1)
}
tracks/4/type = "bezier"
tracks/4/imported = false
tracks/4/enabled = true
tracks/4/path = NodePath(".:rotation:y")
tracks/4/interp = 1
tracks/4/loop_wrap = true
tracks/4/keys = {
"handle_modes": PackedInt32Array(0, 0),
"points": PackedFloat32Array(0, -0.25, 0, 0.25, 0, 0.497157, -0.25, 0, 0.25, 0),
"times": PackedFloat32Array(0, 1)
}
tracks/5/type = "bezier"
tracks/5/imported = false
tracks/5/enabled = true
tracks/5/path = NodePath(".:rotation:z")
tracks/5/interp = 1
tracks/5/loop_wrap = true
tracks/5/keys = {
"handle_modes": PackedInt32Array(0, 0),
"points": PackedFloat32Array(0, -0.25, 0, 0.25, 0, 2.2017e-08, -0.25, 0, 0.25, 0),
"times": PackedFloat32Array(0, 1)
}

[sub_resource type="Animation" id="Animation_ee7l0"]
length = 0.001
tracks/0/type = "bezier"
tracks/0/imported = false
tracks/0/enabled = true
tracks/0/path = NodePath(".:position:x")
tracks/0/interp = 1
tracks/0/loop_wrap = true
tracks/0/keys = {
"handle_modes": PackedInt32Array(0),
"points": PackedFloat32Array(0, -0.25, 0, 0.25, 0),
"times": PackedFloat32Array(0)
}
tracks/1/type = "bezier"
tracks/1/imported = false
tracks/1/enabled = true
tracks/1/path = NodePath(".:position:y")
tracks/1/interp = 1
tracks/1/loop_wrap = true
tracks/1/keys = {
"handle_modes": PackedInt32Array(0),
"points": PackedFloat32Array(6.98103, -0.25, 0, 0.25, 0),
"times": PackedFloat32Array(0)
}
tracks/2/type = "bezier"
tracks/2/imported = false
tracks/2/enabled = true
tracks/2/path = NodePath(".:position:z")
tracks/2/interp = 1
tracks/2/loop_wrap = true
tracks/2/keys = {
"handle_modes": PackedInt32Array(0),
"points": PackedFloat32Array(13.596, -0.25, 0, 0.25, 0),
"times": PackedFloat32Array(0)
}
tracks/3/type = "bezier"
tracks/3/imported = false
tracks/3/enabled = true
tracks/3/path = NodePath(".:rotation:x")
tracks/3/interp = 1
tracks/3/loop_wrap = true
tracks/3/keys = {
"handle_modes": PackedInt32Array(0),
"points": PackedFloat32Array(-0.523599, -0.25, 0, 0.25, 0),
"times": PackedFloat32Array(0)
}
tracks/4/type = "bezier"
tracks/4/imported = false
tracks/4/enabled = true
tracks/4/path = NodePath(".:rotation:y")
tracks/4/interp = 1
tracks/4/loop_wrap = true
tracks/4/keys = {
"handle_modes": PackedInt32Array(0),
"points": PackedFloat32Array(0, -0.25, 0, 0.25, 0),
"times": PackedFloat32Array(0)
}
tracks/5/type = "bezier"
tracks/5/imported = false
tracks/5/enabled = true
tracks/5/path = NodePath(".:rotation:z")
tracks/5/interp = 1
tracks/5/loop_wrap = true
tracks/5/keys = {
"handle_modes": PackedInt32Array(0),
"points": PackedFloat32Array(0, -0.25, 0, 0.25, 0),
"times": PackedFloat32Array(0)
}

[sub_resource type="AnimationLibrary" id="AnimationLibrary_gn8l5"]
_data = {
&"Camera movement": SubResource("Animation_b2ar6"),
&"RESET": SubResource("Animation_ee7l0")
}

[sub_resource type="Environment" id="Environment_js7pq"]
fog_light_color = Color(0.22553, 0.182721, 0.217799, 1)
fog_light_energy = 0.7
fog_density = 0.011
volumetric_fog_enabled = true
volumetric_fog_albedo = Color(0.447061, 0.334355, 0.44437, 1)
volumetric_fog_detail_spread = 6.0

[sub_resource type="Animation" id="Animation_gn8l5"]
length = 0.001
tracks/0/type = "bezier"
tracks/0/imported = false
tracks/0/enabled = true
tracks/0/path = NodePath(".:position:y")
tracks/0/interp = 1
tracks/0/loop_wrap = true
tracks/0/keys = {
"handle_modes": PackedInt32Array(0),
"points": PackedFloat32Array(2.43274, -0.25, 0, 0.25, 0),
"times": PackedFloat32Array(0)
}
tracks/1/type = "bezier"
tracks/1/imported = false
tracks/1/enabled = true
tracks/1/path = NodePath("../BlockRouletteWheel:rotation:x")
tracks/1/interp = 1
tracks/1/loop_wrap = true
tracks/1/keys = {
"handle_modes": PackedInt32Array(0),
"points": PackedFloat32Array(0, -0.25, 0, 0.25, 0),
"times": PackedFloat32Array(0)
}
tracks/2/type = "bezier"
tracks/2/imported = false
tracks/2/enabled = true
tracks/2/path = NodePath("../BlockRouletteWheel:rotation:y")
tracks/2/interp = 1
tracks/2/loop_wrap = true
tracks/2/keys = {
"handle_modes": PackedInt32Array(0),
"points": PackedFloat32Array(0, -0.25, 0, 0.25, 0),
"times": PackedFloat32Array(0)
}
tracks/3/type = "bezier"
tracks/3/imported = false
tracks/3/enabled = true
tracks/3/path = NodePath("../BlockRouletteWheel:rotation:z")
tracks/3/interp = 1
tracks/3/loop_wrap = true
tracks/3/keys = {
"handle_modes": PackedInt32Array(0),
"points": PackedFloat32Array(0, -0.25, 0, 0.25, 0),
"times": PackedFloat32Array(0)
}

[sub_resource type="Animation" id="Animation_6w02q"]
resource_name = "land_on_red"
length = 5.0
tracks/0/type = "bezier"
tracks/0/imported = false
tracks/0/enabled = true
tracks/0/path = NodePath("../BlockRouletteWheel:rotation:x")
tracks/0/interp = 1
tracks/0/loop_wrap = true
tracks/0/keys = {
"handle_modes": PackedInt32Array(0, 0),
"points": PackedFloat32Array(0, -0.25, 0, 0.25, 0, 0, -0.25, 0, 0.25, 0),
"times": PackedFloat32Array(0, 3)
}
tracks/1/type = "bezier"
tracks/1/imported = false
tracks/1/enabled = true
tracks/1/path = NodePath("../BlockRouletteWheel:rotation:y")
tracks/1/interp = 1
tracks/1/loop_wrap = true
tracks/1/keys = {
"handle_modes": PackedInt32Array(0, 0),
"points": PackedFloat32Array(0, -0.25, 0, 1.43333, -1, 19.264, -1.36667, -0.758724, 0.25, 0),
"times": PackedFloat32Array(0, 3)
}
tracks/2/type = "bezier"
tracks/2/imported = false
tracks/2/enabled = true
tracks/2/path = NodePath("../BlockRouletteWheel:rotation:z")
tracks/2/interp = 1
tracks/2/loop_wrap = true
tracks/2/keys = {
"handle_modes": PackedInt32Array(0, 0),
"points": PackedFloat32Array(0, -0.25, 0, 0.25, 0, 0, -0.25, 0, 0.25, 0),
"times": PackedFloat32Array(0, 3)
}
tracks/3/type = "bezier"
tracks/3/imported = false
tracks/3/enabled = true
tracks/3/path = NodePath(".:position:y")
tracks/3/interp = 1
tracks/3/loop_wrap = true
tracks/3/keys = {
"handle_modes": PackedInt32Array(0, 0, 0, 0, 0, 0, 0, 0, 0, 0, 0, 0),
"points": PackedFloat32Array(2.43264, -0.25, 0, 0.25, 0, 2.7611, -0.25, 0, 0.25, 0, 2.43264, -0.02, 0, 0.035, 0, 2.7611, -0.25, 0, 0.25, 0, 2.43264, -0.015, 0, 0.005, 0, 2.7611, -0.25, 0, 0.25, 0, 2.43264, -0.03, 0, 0.02, 0, 2.581, -0.25, 0, 0.25, 0, 2.43264, -0.03, 0, 0.02, 0, 2.491, -0.25, 0, 0.25, 0, 2.461, -0.03, 0, 0.02, 0, 2.444, -0.25, 0, 0.25, 0),
"times": PackedFloat32Array(0, 0.54, 1.06, 1.6, 2.11, 2.65, 3, 3.29885, 3.65154, 3.90251, 4.11583, 4.30343)
}

[sub_resource type="Animation" id="Animation_1fphk"]
resource_name = "land_on_white"
length = 5.0
tracks/0/type = "bezier"
tracks/0/imported = false
tracks/0/enabled = true
tracks/0/path = NodePath("../BlockRouletteWheel:rotation:x")
tracks/0/interp = 1
tracks/0/loop_wrap = true
tracks/0/keys = {
"handle_modes": PackedInt32Array(0, 0),
"points": PackedFloat32Array(0, -0.25, 0, 0.25, 0, 0, -0.25, 0, 0.25, 0),
"times": PackedFloat32Array(0, 3)
}
tracks/1/type = "bezier"
tracks/1/imported = false
tracks/1/enabled = true
tracks/1/path = NodePath("../BlockRouletteWheel:rotation:y")
tracks/1/interp = 1
tracks/1/loop_wrap = true
tracks/1/keys = {
"handle_modes": PackedInt32Array(0, 0),
"points": PackedFloat32Array(0, -0.25, 0, 1.43333, -1, 19.084, -1.36667, -0.758724, 0.25, 0),
"times": PackedFloat32Array(0, 3)
}
tracks/2/type = "bezier"
tracks/2/imported = false
tracks/2/enabled = true
tracks/2/path = NodePath("../BlockRouletteWheel:rotation:z")
tracks/2/interp = 1
tracks/2/loop_wrap = true
tracks/2/keys = {
"handle_modes": PackedInt32Array(0, 0),
"points": PackedFloat32Array(0, -0.25, 0, 0.25, 0, 0, -0.25, 0, 0.25, 0),
"times": PackedFloat32Array(0, 3)
}
tracks/3/type = "bezier"
tracks/3/imported = false
tracks/3/enabled = true
tracks/3/path = NodePath(".:position:y")
tracks/3/interp = 1
tracks/3/loop_wrap = true
tracks/3/keys = {
"handle_modes": PackedInt32Array(0, 0, 0, 0, 0, 0, 0, 0, 0, 0, 0, 0),
"points": PackedFloat32Array(2.43264, -0.25, 0, 0.25, 0, 2.7611, -0.25, 0, 0.25, 0, 2.43264, -0.02, 0, 0.035, 0, 2.7611, -0.25, 0, 0.25, 0, 2.43264, -0.015, 0, 0.005, 0, 2.7611, -0.25, 0, 0.25, 0, 2.43264, -0.03, 0, 0.02, 0, 2.581, -0.25, 0, 0.25, 0, 2.43264, -0.03, 0, 0.02, 0, 2.491, -0.25, 0, 0.25, 0, 2.461, -0.03, 0, 0.02, 0, 2.444, -0.25, 0, 0.25, 0),
"times": PackedFloat32Array(0, 0.54, 1.06, 1.6, 2.11, 2.65, 3, 3.29885, 3.65154, 3.90251, 4.11583, 4.30343)
}

[sub_resource type="AnimationLibrary" id="AnimationLibrary_1fphk"]
_data = {
&"RESET": SubResource("Animation_gn8l5"),
&"land_on_red": SubResource("Animation_6w02q"),
&"land_on_white": SubResource("Animation_1fphk")
}

[node name="Node3D" type="Node3D"]

[node name="Terrain3D" type="Terrain3D" parent="."]
data_directory = "res://addons"
material = SubResource("Terrain3DMaterial_bcbcq")
assets = SubResource("Terrain3DAssets_p1v5b")
show_checkered = true
top_level = true
metadata/_edit_lock_ = true

[node name="MainMenu" parent="." node_paths=PackedStringArray("camera") instance=ExtResource("2_2dftf")]
camera = NodePath("../Camera3D")

[node name="Camera3D" type="Camera3D" parent="."]
transform = Transform3D(1, 0, 0, 0, 0.866025, 0.5, 0, -0.5, 0.866025, 0, 6.98103, 13.596)
script = ExtResource("1_c6gwx")
max_pitch = 40.0
min_pitch = -40.0
max_yaw = 60.0
min_yaw = -60.0

[node name="RayCast3D" type="RayCast3D" parent="Camera3D"]
transform = Transform3D(0.1, 0, 0, 0, 0.1, 0, 0, 0, 0.1, 0, 0, 0)
target_position = Vector3(0, 0, -500)

[node name="AnimationPlayer" type="AnimationPlayer" parent="Camera3D"]
libraries = {
&"": SubResource("AnimationLibrary_gn8l5")
}

[node name="CanvasLayer" type="CanvasLayer" parent="."]

[node name="MarginContainer" type="MarginContainer" parent="CanvasLayer"]
anchors_preset = 8
anchor_left = 0.5
anchor_top = 0.5
anchor_right = 0.5
anchor_bottom = 0.5
grow_horizontal = 2
grow_vertical = 2
size_flags_horizontal = 4
size_flags_vertical = 4

[node name="Sprite2D" type="Sprite2D" parent="CanvasLayer/MarginContainer"]
scale = Vector2(0.171875, 0.171875)
texture = ExtResource("4_js7pq")

[node name="WorldEnvironment" type="WorldEnvironment" parent="."]
environment = SubResource("Environment_js7pq")

[node name="SpotLight3D" type="SpotLight3D" parent="."]
transform = Transform3D(1, 0, 0, 0, 1.19249e-08, 1, 0, -1, 1.19249e-08, 0, 15.516, 4.655)
light_color = Color(0.70584, 0.604702, 0.16626, 1)
light_energy = 23.43
light_volumetric_fog_energy = 16.0
shadow_enabled = true
spot_range = 16.594
spot_angle = 25.0

[node name="TestCard1" parent="." instance=ExtResource("4_eu7l1")]
transform = Transform3D(1, 0, 0, 0, 1, 0, 0, 0, 1, -2.89622, 2.25771, 8.10215)

[node name="TestCard2" parent="." instance=ExtResource("5_p1v5b")]
transform = Transform3D(1, 0, 0, 0, 1, 0, 0, 0, 1, 1.10756, 2.439, 7.97546)

[node name="DirectionalLight3D" type="DirectionalLight3D" parent="."]
transform = Transform3D(1, 0, 0, 0, -0.434807, 0.900524, 0, -0.900524, -0.434807, 0, 18.228, -34.798)
light_color = Color(0, 0, 0, 1)
light_energy = 0.235
light_volumetric_fog_energy = 5.883
shadow_enabled = true

[node name="BlockPokerChip" parent="." instance=ExtResource("6_p1v5b")]
transform = Transform3D(0.26, 0, 0, 0, 0.26, 0, 0, 0, 0.26, 3.7463, 2.0274, 8.13794)

[node name="BlockPokerChip2" parent="." instance=ExtResource("6_p1v5b")]
transform = Transform3D(0.228685, 0.0750628, -0.0983288, -0.0758727, 0.248337, 0.0131181, 0.0977052, 0.017156, 0.240332, 4.09691, 2.09759, 8.21314)

[node name="BlockPokerChip3" parent="." instance=ExtResource("6_p1v5b")]
transform = Transform3D(0.142727, 0.076603, -0.203374, -0.0970842, 0.240159, 0.0223253, 0.194432, 0.0636846, 0.160438, 4.46737, 2.12312, 8.31844)

[node name="BlockTable" parent="." instance=ExtResource("7_wygdx")]
transform = Transform3D(2.23, 0, 0, 0, 1, 0, 0, 0, 2.445, -6.33766, 0.934428, 4.15377)

[node name="BlockBlack" parent="." instance=ExtResource("8_fv4w7")]
transform = Transform3D(1, 0, 0, 0, 1, 0, 0, 0, 1, 0.478982, 1.944, 4.0194)

[node name="BlockRed" parent="." instance=ExtResource("9_fvag4")]
transform = Transform3D(1, 0, 0, 0, 1, 0, 0, 0, 1, -0.483428, 1.94443, 4.02323)

[node name="OmniLight3D" type="OmniLight3D" parent="."]
transform = Transform3D(1, 0, 0, 0, 1, 0, 0, 0, 1, 8.74789, 3.00524, 4.01892)
light_color = Color(0.705882, 0.603922, 0.164706, 1)
light_energy = 1.418
shadow_enabled = true

[node name="OmniLight3D2" type="OmniLight3D" parent="."]
transform = Transform3D(1, 0, 0, 0, 1, 0, 0, 0, 1, 3.68518, 2.73491, 3.9927)
light_color = Color(0.705882, 0.603922, 0.164706, 1)
light_energy = 1.418
shadow_enabled = true

[node name="OmniLight3D3" type="OmniLight3D" parent="."]
transform = Transform3D(1, 0, 0, 0, 1, 0, 0, 0, 1, 6.21231, 2.73491, 6.44219)
light_color = Color(0.705882, 0.603922, 0.164706, 1)
light_energy = 1.418
shadow_enabled = true

[node name="OmniLight3D4" type="OmniLight3D" parent="."]
transform = Transform3D(1, 0, 0, 0, 1, 0, 0, 0, 1, 6.21231, 2.73491, 1.42255)
light_color = Color(0.705882, 0.603922, 0.164706, 1)
light_energy = 1.418
shadow_enabled = true

[node name="BlockGraveOne" parent="." instance=ExtResource("11_b2ar6")]
transform = Transform3D(0.893046, 0.217649, 0.393824, -0.199145, 0.976027, -0.0878209, -0.403497, 0, 0.914981, -16.839, 0.607803, -5.41689)

[node name="BlockGraveThree" parent="." instance=ExtResource("12_ee7l0")]
transform = Transform3D(0.602191, -6.14856e-09, 0.798352, 0.198137, 0.968713, -0.149453, -0.773374, 0.248183, 0.583351, -25.2134, 0.115361, -0.354414)

[node name="BlockGraveTwo" parent="." instance=ExtResource("13_gn8l5")]
transform = Transform3D(0.95138, 0, 0.308021, 0, 1, 0, -0.308021, 0, 0.95138, -11.6729, 0.172788, -19.3315)

[node name="BlockGraveThree2" parent="." instance=ExtResource("12_ee7l0")]
transform = Transform3D(-0.740277, 0, 0.672302, 0, 1, 0, -0.672302, 0, -0.740277, -21.0579, 0.183448, 14.48)

[node name="BlockGraveTwo2" parent="." instance=ExtResource("13_gn8l5")]
transform = Transform3D(0.937968, -0.260521, -0.228791, 0.253101, 0.965468, -0.0617367, 0.236974, 0, 0.971516, -24.2238, -0.294464, 7.1848)

[node name="BlockGraveOne2" parent="." instance=ExtResource("11_b2ar6")]
transform = Transform3D(0.517331, -0.264277, 0.813957, 0.141759, 0.964447, 0.22304, -0.843963, 0, 0.536401, -30.4238, -2.08744, -8.42102)

[node name="BlockGraveTwo3" parent="." instance=ExtResource("13_gn8l5")]
transform = Transform3D(0.344233, 0, -0.938884, 0, 1, 0, 0.938884, 0, 0.344233, -35.2543, -0.676946, 11.4557)

[node name="BlockGraveOne3" parent="." instance=ExtResource("11_b2ar6")]
transform = Transform3D(0.893881, -0.0800964, 0.441092, 0, 0.98391, 0.178665, -0.448305, -0.159705, 0.879498, -34.8741, -2.27908, 3.80568)

[node name="BlockGraveTwo4" parent="." instance=ExtResource("13_gn8l5")]
transform = Transform3D(0.774013, 0.259847, 0.577394, -0.20828, 0.96565, -0.155371, -0.597933, 1.52368e-08, 0.801546, -18.1427, 1.16328, -14.3773)

[node name="BlockGraveOne4" parent="." instance=ExtResource("11_b2ar6")]
transform = Transform3D(0.999113, -0.0421023, 0, 0.0421023, 0.999113, 0, 0, 0, 1, -1.44992, 0.901493, -19.2859)

[node name="BlockGraveThree3" parent="." instance=ExtResource("12_ee7l0")]
transform = Transform3D(0.981975, 0.18901, 0, -0.18901, 0.981975, 0, 0, 0, 1, -10.5356, 0.923393, -27.8955)

[node name="BlockGraveOne5" parent="." instance=ExtResource("11_b2ar6")]
transform = Transform3D(0.982123, 0.188238, 0, -0.188238, 0.982123, 0, 0, 0, 1, 12.2567, -1.06387, -15.9961)

[node name="BlockGraveTwo5" parent="." instance=ExtResource("13_gn8l5")]
transform = Transform3D(0.963247, 0.268617, 0, -0.268617, 0.963247, 0, 0, 0, 1, 8.16179, -0.762329, -22.8461)

[node name="BlockGraveThree4" parent="." instance=ExtResource("12_ee7l0")]
transform = Transform3D(0.725, 0, 0, 0, 0.725, 0, 0, 0, 0.725, 6.81633, -0.258361, -12.5722)

[node name="BlockGraveOne6" parent="." instance=ExtResource("11_b2ar6")]
transform = Transform3D(0.338309, 0, -0.483371, 0, 0.59, 0, 0.483371, 0, 0.338309, 17.1889, -0.0628529, -3.75403)

[node name="BlockGraveThree5" parent="." instance=ExtResource("12_ee7l0")]
transform = Transform3D(0.755693, 0, -0.654926, 0, 1, 0, 0.654926, 0, 0.755693, 23.482, -1.04017, -11.7988)

[node name="BlockGraveOne7" parent="." instance=ExtResource("11_b2ar6")]
transform = Transform3D(0.547928, 0, -0.836525, 0, 1, 0, 0.836525, 0, 0.547928, 31.526, -0.797708, 6.55081)

[node name="BlockGraveTwo6" parent="." instance=ExtResource("13_gn8l5")]
transform = Transform3D(0.433046, 0, -0.901372, 0, 1, 0, 0.901372, 0, 0.433046, 27.5633, -0.933411, 2.62101)

[node name="BlockGraveThree6" parent="." instance=ExtResource("12_ee7l0")]
transform = Transform3D(0.420418, 0, -0.90733, 0, 1, 0, 0.90733, 0, 0.420418, 38.4164, 0, 20.2408)

[node name="BlockGraveTwo7" parent="." instance=ExtResource("13_gn8l5")]
transform = Transform3D(0.409461, 0, -0.912327, 0, 1, 0, 0.912327, 0, 0.409461, 48.8124, 0, 32.0642)

[node name="BlockGraveOne8" parent="." instance=ExtResource("11_b2ar6")]
transform = Transform3D(0.33384, 0, -0.94263, 0, 1, 0, 0.94263, 0, 0.33384, 47.516, 0, 19.0805)

[node name="BlockGraveThree7" parent="." instance=ExtResource("12_ee7l0")]
transform = Transform3D(0.922572, 0, -0.385826, 0, 1, 0, 0.385826, 0, 0.922572, 46.4323, -0.645711, 3.57945)

[node name="BlockGraveThree8" parent="." instance=ExtResource("12_ee7l0")]
transform = Transform3D(0.510123, 0, 0.860102, 0, 1, 0, -0.860102, 0, 0.510123, 40.1637, 0, 38.2808)

[node name="BlockGraveThree9" parent="." instance=ExtResource("12_ee7l0")]
transform = Transform3D(0.871693, 0, -0.490052, 0, 1, 0, 0.490052, 0, 0.871693, 28.5806, 0, 27.7923)

[node name="BlockGraveOne9" parent="." instance=ExtResource("11_b2ar6")]
transform = Transform3D(0.707329, 0, -0.706885, 0, 1, 0, 0.706885, 0, 0.707329, 26.2853, -9.53674e-07, 17.073)

[node name="BlockGraveThree10" parent="." instance=ExtResource("12_ee7l0")]
transform = Transform3D(0.460448, 0, -0.887687, 0, 1, 0, 0.887687, 0, 0.460448, 36.074, -0.390759, -8.48843)

[node name="BlockGraveOne10" parent="." instance=ExtResource("11_b2ar6")]
transform = Transform3D(0.895975, 0, -0.444104, 0, 1, 0, 0.444104, 0, 0.895975, 32.6715, -0.85011, -17.794)

[node name="BlockGraveTwo8" parent="." instance=ExtResource("13_gn8l5")]
transform = Transform3D(0.924566, 0.381022, 0, -0.381022, 0.924566, 0, 0, 0, 1, 50.3611, -1.26007, -14.2358)

[node name="BlockGraveOne11" parent="." instance=ExtResource("11_b2ar6")]
transform = Transform3D(0.494988, -0.174525, -0.851192, 0.0877341, 0.984653, -0.150869, 0.864459, 0, 0.502703, 44.0741, -0.895985, -17.5858)

[node name="BlockGraveThree11" parent="." instance=ExtResource("12_ee7l0")]
transform = Transform3D(0.910474, -0.413565, 0, 0.413565, 0.910474, 0, 0, 0, 1, -22.7382, -9.53674e-07, -13.1935)

[node name="BlockGraveOne12" parent="." instance=ExtResource("11_b2ar6")]
transform = Transform3D(0.915297, 0.402779, 0, -0.402779, 0.915297, 0, 0, 0, 1, -33.4008, -2.49524, -17.6198)

[node name="BlockGraveTwo9" parent="." instance=ExtResource("13_gn8l5")]
transform = Transform3D(0.969373, -0.245595, 0, 0.245595, 0.969373, 0, 0, 0, 1, -39.7209, -2.46415, -2.13278)

[node name="BlockGraveOne13" parent="." instance=ExtResource("11_b2ar6")]
transform = Transform3D(0.492317, 0, 0.870416, 0, 1, 0, -0.870416, 0, 0.492317, -15.0763, 1.72145, 23.3964)

[node name="BlockGraveTwo10" parent="." instance=ExtResource("13_gn8l5")]
transform = Transform3D(0.259955, -0.150847, -0.953766, 0.0396672, 0.988557, -0.145538, 0.964806, 0, 0.262964, -31.7683, 2.7665, 21.6176)

[node name="BlockGraveOne14" parent="." instance=ExtResource("11_b2ar6")]
transform = Transform3D(0.856033, 0, 0.516922, 0, 1, 0, -0.516922, 0, 0.856033, 2.04379, 1.90735e-06, -26.827)

[node name="BlockGraveTwo11" parent="." instance=ExtResource("13_gn8l5")]
transform = Transform3D(0.910207, 0, 0.414153, 0, 1, 0, -0.414153, 0, 0.910207, 3.93361, 0.477562, -37.128)

[node name="BlockGraveThree12" parent="." instance=ExtResource("12_ee7l0")]
transform = Transform3D(1, 0, 0, 0, 1, 0, 0, 0, 1, -4.11615, 0, -35.6206)

[node name="BlockGraveTwo12" parent="." instance=ExtResource("13_gn8l5")]
transform = Transform3D(0.881077, -0.357249, -0.309963, 0.375755, 0.926719, 0, 0.287249, -0.11647, 0.950749, 17.6328, -0.566107, -31.3082)

[node name="BlockGraveThree13" parent="." instance=ExtResource("12_ee7l0")]
transform = Transform3D(1, 0, 0, 0, 1, 0, 0, 0, 1, 28.5587, -1.288, -24.9422)

[node name="BlockBall" parent="." instance=ExtResource("13_ee7l0")]
transform = Transform3D(0.055, 0, 0, 0, 0.055, 0, 0, 0, 0.055, 7.79, 2.43274, 3.952)

[node name="BlockRouletteWheel" parent="." instance=ExtResource("14_ee7l0")]
transform = Transform3D(1, 0, 0, 0, 1, 0, 0, 0, 1, 6.21843, 2.21293, 3.96565)

[node name="AnimationPlayer" type="AnimationPlayer" parent="BlockRouletteWheel"]
root_node = NodePath("../../BlockBall")
libraries = {
&"": SubResource("AnimationLibrary_1fphk")
}
